1024
21508012
54070562
81294839
14736323
64065444
38251604
91009699
28687578
32514593
59518984
99196806
84158126
55284779
67220502
6648886
5118041
63997697
37471180
70439997
93185750
80183053
38493502
61046257
85204676
86216682
25284906
63861016
43003305
83299395
64674985
29950066
57323759
18745548
63761258
72060082
82810992
54529214
63069781
64014922
39560160
75105117
63211728
23718286
30389896
30432231
30367172
88024290
46946280
20354704
58464287
40132031
537758
96957790
53694640
38258786
35690824
78979546
2119802
31210481
62278941
19311139
13676900
19602700
38056687
29954510
44179134
73384031
84483724
59765268
37398953
24043884
34870385
610682
278522
17776634
83559265
83162046
5800924
30505545
56033103
64265211
23153928
9087213
13739353
29364921
99862351
1946529
8344467
1982153
33157011
23139761
73809644
99350263
95258813
64382684
29304773
39437948
37766715
13788497
99203216
27682021
90348734
86589953
80809055
43143608
4366587
16884672
78822007
62683863
47390217
87371462
26949075
23060498
96458675
93204780
52425419
96321026
95151310
13286238
50819531
80824673
36425999
24629175
32691288
31684813
89011859
61996061
23639113
79294927
28300910
75358681
59493300
71165996
61948634
40302355
14309605
18831574
57187027
45647964
81515437
57093596
33019426
60980864
32670446
81994453
6701997
85095865
30831831
1853307
50898456
34167714
35194332
87324455
11313241
67885620
71525620
325101
29881681
47681085
32136380
10698943
23039766
91629680
81864940
37504753
84448387
48690897
8852679
41635414
94338861
42884468
51245362
79874639
3865333
83915809
14385444
63083682
21528026
45217275
64936989
72426482
79384989
52647673
12267290
90698230
73049645
83792910
43539683
2931326
83990348
28192415
66146621
59546466
72338447
48011561
97051219
56786834
96702458
58420250
50938600
43557671
1304719
2183963
75948662
57686404
86099772
90334106
20770086
60144150
88067733
38223427
32570633
19969074
43387452
44837923
10667305
16437097
81147185
6723340
71884775
17653885
34915756
38031396
77200352
7254203
86042958
26767923
16557390
35261768
85188174
67495990
31335792
39009245
22196305
59800806
96695649
60812429
2651265
69982087
20956580
90718998
60721866
6043565
10688073
4109318
50881488
73871730
20546415
84545025
33111422
92431190
2198911
20543530
30462586
31915615
27797734
69021896
58683538
96871476
4283665
43871712
64367466
88135809
82880957
86563772
47936615
32092958
47376201
50587880
54591397
68332781
93823231
15313263
74376346
57027656
71938933
77774186
83415738
92485348
14835564
16527160
37432890
69550827
37070691
67895477
1466442
17384777
89433725
60149980
14256253
46233742
56538045
31140071
34369551
91935354
17703843
34822519
76544665
17596397
37926751
31136062
38445530
31749982
98965678
65338229
41293990
70904611
95628767
24709728
15906312
62980683
93753241
53339202
32531510
83340284
21234679
86514304
725061
63184757
99180637
67497666
9418499
8235034
98637737
43788051
170388
68857933
31126922
76715053
86454330
69053673
60367468
24899860
53320008
59333146
42754441
94613998
82754109
38383209
71840079
98660421
1363892
18109672
51999624
86411755
1449956
25750655
25442411
2175017
88935412
24623048
69672683
98353912
32858082
20826772
94658315
85544823
89684705
25785237
62259876
76139035
47355262
75143696
53555248
675270
34476842
48826041
47805621
69747304
87209250
72162052
68407725
41089495
90271724
20407349
80017602
91721680
98674357
5460013
46413049
87609769
30083062
68602084
38480033
15457496
89428856
85654700
1002319
79113562
63956289
15778548
7768949
11311552
43438596
13840549
64503174
77915439
62666591
12308795
179095
2392193
36987199
68586820
95998040
27258923
41510522
76015642
71496955
40184879
81475656
17910004
80311000
64075070
86512088
71307386
32048918
28457297
56962086
85567590
60087211
73434728
53862490
67856160
84746280
97301086
34213062
1765806
27732877
96879653
66590954
27911972
51788198
3578153
96498793
47786239
30837077
90525667
76318233
2334032
30710546
10310241
72760389
63537898
26901663
11788829
34845284
58950582
40246126
44323723
97034524
333337
17758451
50897014
20705850
55021083
714452
54918912
56786889
28447330
4314917
23377843
56359302
56103115
26955997
5374447
56405706
10309426
95900114
32723940
65159810
79127012
43034181
37920199
42664911
69935845
2225381
30026547
81402779
42471507
74350270
78437303
95321197
92108721
81850669
16027047
47129804
82565121
23462311
56433046
11012451
80293580
79810889
19888106
36396695
59283238
77778905
45318754
69592664
26195372
78042694
87268827
57838736
73593227
25189026
503647
96045424
79930759
83046547
77448203
22402267
57396817
55885506
70239816
2021891
90252527
38783215
1668047
72817649
14761878
10617445
83830100
95055458
90428335
56234558
31452153
49711573
34013464
29287259
71820590
12725188
7329953
59089417
70563924
33439533
36794795
23583924
29484957
16725555
6630471
6933161
91644174
16543640
15335019
14400342
71081883
5587547
53183557
25266283
30921548
67945435
35883728
14751648
63000893
26312063
23502559
46969398
28539989
57516023
76256658
52876931
22757563
36102963
11966348
93321487
69542496
1277495
16905411
51543806
70519402
76052234
58476967
14679928
92595875
26328338
29080270
63677758
84432237
82263827
41460393
15353785
2725614
77344122
82621786
18242859
56172537
6124345
65212258
84712526
16156720
41468916
37589457
38914283
30088231
2072157
84752122
99630728
55866005
1657534
3690886
26385407
77709768
14684205
93581688
22821995
41012543
22661958
39016106
77961133
57442138
80476499
45831270
60167752
57820621
28453056
30926964
13993159
87093753
96139222
51222037
55766825
90124490
41327847
47197460
20212721
95916356
31949583
72359801
51782361
86123469
76050687
30684121
63833237
90734892
24265809
39171585
84263788
99444119
78187691
14741273
56886257
11180542
60572543
69570362
69001164
41541952
497326
35510675
28635705
49152900
86732712
36918883
39277390
80576911
84116343
12006463
76493268
68582278
36882617
28275629
54705747
65449656
11476102
71055337
8700901
35741911
10226922
92964689
35186031
40930965
7705962
44588640
52111507
20794857
66675354
21112671
62336809
67172680
9139698
43488867
68841932
48388763
32924102
8119322
28965674
17040445
72642138
5458942
85622724
9524755
86250924
40328471
74974411
97727026
11383808
83675312
85985290
74127082
29156353
73687673
15058047
89378667
70792665
67169555
62689877
37468020
40798578
25026686
57157052
49938277
21031905
25998985
50843392
53956007
86634659
32325418
23512805
59276797
90300713
9135529
21317904
76551637
1980352
48808668
26795015
65880513
85000332
65296657
40007595
66673038
91500682
7581995
56051705
62293348
74751550
71257934
52277720
15550128
96284621
9434772
18004757
69832878
87950109
21364501
76305238
27101121
53689920
99818043
38894270
43990633
61469924
60212175
20542270
63450276
61537195
99853637
81847141
46537527
17666647
74371089
13210565
9167329
81953084
21778623
71460677
56704634
93036557
76254749
24771114
41837530
38205874
95292224
64186761
26155983
16656725
40491999
5773456
70346645
40310042
44667727
14337278
54296318
57396254
87395900
17746594
18933449
39765890
52110088
17987328
57432537
26481177
83714246
66599866
8434261
58009221
90576896
17655247
3562130
66831645
94942713
45399661
5037519
90234937
62102774
83709855
6891663
2594773
41999663
29754660
95421167
86667390
44091939
49717485
96579996
84004191
19980431
68029797
23770081
72090519
86017126
33718970
51088048
69731372
318837
59522309
80256945
43412085
29693908
83819075
10243730
24636622
81735088
67797602
14871559
43837862
4023809
74279574
98948987
46023472
4034235
46886506
85207215
642526
96603991
81787211
37163069
69100775
49817009
60933151
93707646
88350487
94652121
44795695
10598211
47487310
56834356
90855156
90899395
86528265
74674231
53659478
63681239
56409320
73973432
78552798
52763534
30513593
5348725
51712522
76537065
9382960
51115380
14260632
62541838
235724
96047844
99704907
69336499
98381205
13154410
15560497
86731692
60322884
60356192
49846255
60326546
69706901
40701411
3742294
8751518
67891994
9918124
72432757
24301314
83891556
50985555
29581201
66921501
8850632
33810075
43458566
70749944
84925455
10235551
33291782
85161179
58799747
85513042
7014030
57180952
51183804
22574528
96428996
11506688
35447072
46275251
71833235
5153973
39493014
28091881
13905491
7385008
38010005
86338248
84202675
74417913
89840156
13783876
41339414
98690788
110303
37314332
69440733
85035758
47549883
55248867
70196938
6349630
93278261
29727320
16046934
44462066
52301848
64992282
55968754
87748921
63783885
80318341
92902894
3276899
8410222
6808386
63178260
46420227
45662986
47380935
73354492
35503142
13681163
14693906
86710283
13791466
52008239
56151016
98827224
99558122
63916235
21540514
58424105
57194497
3784187
26987391
1656563
56086035
44496026
10141669
43834956
8279911
42976363
89254203
64073163
51386585
48578941
27251423
50323165
94241927
27148710
76194009
82261422
40829873
90887916
68971705
7137691
42896155
77639073
5964915
94970629
94071660
80021782
5911086
51266157
83805969
32898478
5439072
92408356
77394504
68097094
88759665
38190767
11073457
78013868
2263930
14976394
79109161
82031705
17815911
25867440
9180415
94009921
8128862
2526640
84897837
29616919
9664331
80310344
